2400	21862.2910156250
2399	21834.0078125000
2398	21972.8203125000
2397	22205.2871093750
2396	22387.9687500000
2395	22431.2968750000
2394	22301.9238281250
2393	22124.1660156250
2392	22079.3730468750
2391	22151.3808593750
2390	22197.9257812500
2389	22207.3984375000
2388	22270.2304687500
2387	22375.5332031250
2386	22420.4687500000
2385	22395.5449218750
2384	22418.5761718750
2383	22556.0722656250
2382	22709.2578125000
2381	22728.9824218750
2380	22594.2929687500
2379	22439.8085937500
2378	22408.6484375000
2377	22488.8007812500
2376	22542.8007812500
2375	22520.0996093750
2374	22544.7480468750
2373	22721.2617187500
2372	22944.3105468750
2371	23011.3261718750
2370	22891.1582031250
2369	22774.7343750000
2368	22838.5292968750
2367	23046.6933593750
2366	23231.9667968750
2365	23291.1464843750
2364	23252.2285156250
2363	23214.6035156250
2362	23244.5507812500
2361	23293.8398437500
2360	23270.1562500000
2359	23203.6347656250
2358	23214.6738281250
2357	23306.4570312500
2356	23365.7949218750
2355	23363.5527343750
2354	23358.2578125000
2353	23332.5585937500
2352	23227.1679687500
2351	23099.6777343750
2350	23078.2343750000
2349	23189.9589843750
2348	23337.5371093750
2347	23395.6933593750
2346	23292.5332031250
2345	23079.3730468750
2344	22933.8144531250
2343	23000.4375000000
2342	23227.0078125000
2341	23441.5175781250
2340	23572.7011718750
2339	23702.0898437500
2338	23907.0683593750
2337	24148.0996093750
2336	24333.7031250000
2335	24424.9003906250
2334	24437.5605468750
2333	24391.2890625000
2332	24304.9550781250
2331	24225.7500000000
2330	24222.8476562500
2329	24331.5390625000
2328	24492.8359375000
2327	24566.0234375000
2326	24458.5878906250
2325	24261.6386718750
2324	24191.0957031250
2323	24350.3339843750
2322	24601.4960937500
2321	24722.6718750000
2320	24657.0039062500
2319	24549.1054687500
2318	24549.5332031250
2317	24654.4316406250
2316	24766.0410156250
2315	24836.5605468750
2314	24874.7089843750
2313	24871.6367187500
2312	24831.0937500000
2311	24831.1074218750
2310	24942.8691406250
2309	25121.7675781250
2308	25262.8183593750
2307	25310.5800781250
2306	25267.3007812500
2305	25187.3144531250
2304	25181.6601562500
2303	25294.3632812500
2302	25384.3515625000
2301	25302.1914062500
2300	25158.2070312500
2299	25214.6113281250
2298	25523.3945312500
2297	25855.5156250000
2296	25984.5332031250
2295	25894.0566406250
2294	25712.4804687500
2293	25561.2968750000
2292	25487.2207031250
2291	25482.7695312500
2290	25533.2128906250
2289	25626.6074218750
2288	25734.9433593750
2287	25834.6230468750
2286	25945.1269531250
2285	26095.1054687500
2284	26250.9628906250
2283	26331.8378906250
2282	26302.7636718750
2281	26220.8632812500
2280	26182.5625000000
2279	26232.7636718750
2278	26326.3671875000
2277	26386.6132812500
2276	26393.1835937500
2275	26379.0312500000
2274	26353.2675781250
2273	26296.6953125000
2272	26240.9726562500
2271	26272.4179687500
2270	26429.1074218750
2269	26653.6777343750
2268	26859.5058593750
2267	26983.9121093750
2266	26986.9238281250
2265	26885.3867187500
2264	26793.0214843750
2263	26837.7324218750
2262	27016.9550781250
2261	27196.7460937500
2260	27264.4394531250
2259	27233.3945312500
2258	27194.5351562500
2257	27206.0253906250
2256	27245.8535156250
2255	27267.5527343750
2254	27287.3867187500
2253	27369.4550781250
2252	27506.5351562500
2251	27592.4199218750
2250	27572.4843750000
2249	27545.5136718750
2248	27625.9570312500
2247	27760.5859375000
2246	27786.8085937500
2245	27661.3906250000
2244	27545.3164062500
2243	27630.7617187500
2242	27920.5429687500
2241	28222.9355468750
2240	28368.5429687500
2239	28381.0468750000
2238	28395.2324218750
2237	28462.6757812500
2236	28510.8867187500
2235	28456.6054687500
2234	28293.1406250000
2233	28102.3339843750
2232	28017.6679687500
2231	28104.5898437500
2230	28252.1972656250
2229	28290.5722656250
2228	28232.1777343750
2227	28252.6953125000
2226	28415.1230468750
2225	28588.8359375000
2224	28673.5117187500
2223	28716.5097656250
2222	28765.2812500000
2221	28785.7753906250
2220	28780.1464843750
2219	28824.1660156250
2218	28932.5546875000
2217	29017.8789062500
2216	29029.3222656250
2215	29025.8437500000
2214	29069.7988281250
2213	29134.3632812500
2212	29167.4726562500
2211	29189.9589843750
2210	29267.3144531250
2209	29403.9003906250
2208	29530.1816406250
2207	29604.5136718750
2206	29660.7031250000
2205	29722.5917968750
2204	29744.3378906250
2203	29695.0761718750
2202	29639.2226562500
2201	29656.9726562500
2200	29730.8671875000
2199	29786.9960937500
2198	29815.0683593750
2197	29870.2949218750
2196	29966.1894531250
2195	30034.3867187500
2194	30013.2421875000
2193	29938.0742187500
2192	29905.2675781250
2191	29953.5292968750
2190	30020.4765625000
2189	30031.7695312500
2188	29995.1523437500
2187	29978.3984375000
2186	30028.7285156250
2185	30147.1464843750
2184	30309.6582031250
2183	30477.4062500000
2182	30613.9667968750
2181	30725.9550781250
2180	30859.5742187500
2179	31025.5878906250
2178	31155.5117187500
2177	31170.7207031250
2176	31080.2187500000
2175	30972.2285156250
2174	30911.8144531250
2173	30884.9082031250
2172	30855.5664062500
2171	30838.4667968750
2170	30875.3066406250
2169	30963.1777343750
2168	31058.5957031250
2167	31143.0839843750
2166	31225.7265625000
2165	31281.2832031250
2164	31258.2539062500
2163	31172.6894531250
2162	31130.1601562500
2161	31213.8105468750
2160	31389.4453125000
2159	31552.2050781250
2158	31634.6152343750
2157	31643.7441406250
2156	31619
2155	31578.9902343750
2154	31506.5742187500
2153	31391.4277343750
2152	31292.5273437500
2151	31318.8378906250
2150	31504.4140625000
2149	31731.1464843750
2148	31836.5957031250
2147	31790.8593750000
2146	31712.4472656250
2145	31711.9902343750
2144	31780.5898437500
2143	31848.5253906250
2142	31898.6582031250
2141	31973.7363281250
2140	32089.0761718750
2139	32189.7089843750
2138	32215.9394531250
2137	32183.2460937500
2136	32162.8183593750
2135	32195.9687500000
2134	32265.1875000000
2133	32342.9570312500
2132	32425.4824218750
2131	32514.6347656250
2130	32600.0605468750
2129	32656.9824218750
2128	32641.6914062500
2127	32527.3398437500
2126	32387.3945312500
2125	32385.5410156250
2124	32597.2460937500
2123	32881.8984375000
2122	33031.0390625000
2121	33017.0664062500
2120	32988.4687500000
2119	33038.0429687500
2118	33101.3554687500
2117	33102.0273437500
2116	33079.3750000000
2115	33114.2460937500
2114	33200.8281250000
2113	33252.6875000000
2112	33203.3671875000
2111	33062.4882812500
2110	32895.8554687500
2109	32782.5976562500
2108	32777.9609375000
2107	32883.0507812500
2106	33040.6875000000
2105	33177.9179687500
2104	33266.2226562500
2103	33333.6250000000
2102	33409.7500000000
2101	33475.6289062500
2100	33490.6953125000
2099	33456.5664062500
2098	33418.0859375000
2097	33403.1835937500
2096	33402.7773437500
2095	33418.0273437500
2094	33479.6093750000
2093	33592.5937500000
2092	33700.5742187500
2091	33745.2968750000
2090	33740.7070312500
2089	33749.0585937500
2088	33796.6718750000
2087	33854.4218750000
2086	33896.1718750000
2085	33930.0429687500
2084	33960.0976562500
2083	33962.5742187500
2082	33933.1054687500
2081	33928.3906250000
2080	34015.5859375000
2079	34185.4179687500
2078	34354.3945312500
2077	34458.5664062500
2076	34510.0742187500
2075	34549.4804687500
2074	34579.3750000000
2073	34575.1250000000
2072	34537.7929687500
2071	34500.5976562500
2070	34490.3437500000
2069	34509.8476562500
2068	34550.1367187500
2067	34592.4648437500
2066	34608.7578125000
2065	34595.3476562500
2064	34600.4492187500
2063	34676.5664062500
2062	34803.3632812500
2061	34902.7187500000
2060	34941.3710937500
2059	34970.7031250000
2058	35038.1601562500
2057	35101.3671875000
2056	35073.5468750000
2055	34936.9570312500
2054	34773.4843750000
2053	34684.3710937500
2052	34701.8007812500
2051	34779.8789062500
2050	34856
2049	34912.6406250000
2048	34980.0429687500
2047	35085.5468750000
2046	35216.2578125000
2045	35336.5703125000
2044	35421.4726562500
2043	35457.9804687500
2042	35440.4257812500
2041	35394.6445312500
2040	35384.2773437500
2039	35447.2578125000
2038	35530.6562500000
2037	35534.8242187500
2036	35433.9453125000
2035	35316.4687500000
2034	35286.5703125000
2033	35350.1835937500
2032	35419.7929687500
2031	35418.1289062500
2030	35357.2109375000
2029	35319.2812500000
2028	35374.1523437500
2027	35517.2304687500
2026	35680.7265625000
2025	35796.6679687500
2024	35843.5781250000
2023	35836.6679687500
2022	35792.7500000000
2021	35723.0937500000
2020	35653.7617187500
2019	35626.4296875000
2018	35662.9101562500
2017	35737.3710937500
2016	35799.9570312500
2015	35830.9492187500
2014	35861.2148437500
2013	35930.4453125000
2012	36029.4453125000
2011	36096.5742187500
2010	36079.5468750000
2009	35997.0195312500
2008	35930.5390625000
2007	35952.8632812500
2006	36062.9179687500
2005	36182.9648437500
2004	36214.1406250000
2003	36110.8398437500
2002	35928.6992187500
2001	35802.8750000000
2000	35848.1835937500
1999	36055.3281250000
1998	36294.6875000000
1997	36438.3046875000
1996	36467.9140625000
1995	36449.6796875000
1994	36429.6484375000
1993	36398.1914062500
1992	36352.6835937500
1991	36339.0078125000
1990	36396.9531250000
1989	36493.6250000000
1988	36551.8945312500
1987	36539.3085937500
1986	36499.1875000000
1985	36493.0390625000
1984	36535.7734375000
1983	36590.2109375000
1982	36605.2031250000
1981	36556.0156250000
1980	36467.3828125000
1979	36403.9101562500
1978	36420.0820312500
1977	36508.5937500000
1976	36608.0585937500
1975	36668.1015625000
1974	36696.6992187500
1973	36738.6210937500
1972	36818.4921875000
1971	36911.5664062500
1970	36963.3789062500
1969	36937.0468750000
1968	36852.3750000000
1967	36781.0429687500
1966	36790.8828125000
1965	36887.4023437500
1964	37013.3828125000
1963	37104.0898437500
1962	37138.1484375000
1961	37144.6445312500
1960	37175.5625000000
1959	37264.3906250000
1958	37392.4101562500
1957	37497.6484375000
1956	37533.1953125000
1955	37511.7109375000
1954	37475.7539062500
1953	37438.1054687500
1952	37385.3046875000
1951	37335.6875000000
1950	37348.0039062500
1949	37450.5820312500
1948	37591.4765625000
1947	37686.4960937500
1946	37702.4960937500
1945	37673.6679687500
1944	37650.9960937500
1943	37659.3515625000
1942	37693.9609375000
1941	37730.1914062500
1940	37734.9843750000
1939	37694.0820312500
1938	37640.1562500000
1937	37638.3984375000
1936	37728.4531250000
1935	37885.3515625000
1934	38046.9726562500
1933	38173.0273437500
1932	38265.1210937500
1931	38337.2851562500
1930	38390.8437500000
1929	38425.4257812500
1928	38454.1953125000
1927	38490.4296875000
1926	38529.4726562500
1925	38562.1445312500
1924	38599.9609375000
1923	38666.6640625000
1922	38763.9335937500
1921	38863.7148437500
1920	38937.2460937500
1919	38973.0468750000
1918	38961.3750000000
1917	38886.8125000000
1916	38759.7148437500
1915	38643.6250000000
1914	38623.2617187500
1913	38735.9375000000
1912	38942.7539062500
1911	39166.0351562500
1910	39342.5703125000
1909	39442.4414062500
1908	39461.4062500000
1907	39417.0078125000
1906	39347.1640625000
1905	39292.5156250000
1904	39271.3593750000
1903	39277.0156250000
1902	39300.8828125000
1901	39348.4609375000
1900	39426.4960937500
1899	39522.2500000000
1898	39607.4765625000
1897	39664.5273437500
1896	39701.2382812500
1895	39735.8437500000
1894	39770.6601562500
1893	39785.9414062500
1892	39762.2343750000
1891	39708.8906250000
1890	39668.7617187500
1889	39690.6718750000
1888	39792.8046875000
1887	39949.7656250000
1886	40112.0390625000
1885	40236.9062500000
1884	40308.1953125000
1883	40341.2421875000
1882	40375.1914062500
1881	40448.5859375000
1880	40566.9648437500
1879	40694.8320312500
1878	40791.3359375000
1877	40856.3007812500
1876	40931.3789062500
1875	41050.6562500000
1874	41196.6484375000
1873	41311.8789062500
1872	41353.8671875000
1871	41337.1132812500
1870	41320.5820312500
1869	41351.3984375000
1868	41420.1289062500
1867	41477.5742187500
1866	41497.6406250000
1865	41508.8867187500
1864	41550.3242187500
1863	41612.0195312500
1862	41651.2226562500
1861	41666.1250000000
1860	41712.5468750000
1859	41824.7031250000
1858	41952.1171875000
1857	42015.3203125000
1856	42009.3398437500
1855	42004.7773437500
1854	42042.5664062500
1853	42076.7617187500
1852	42050.9726562500
1851	41997.9687500000
1850	42017.0507812500
1849	42155.7890625000
1848	42349.9375000000
1847	42489.8945312500
1846	42523.9843750000
1845	42489.1171875000
1844	42464.2226562500
1843	42509.3242187500
1842	42629.6093750000
1841	42772.8867187500
1840	42868.0820312500
1839	42889.4843750000
1838	42885.4882812500
1837	42927.6250000000
1836	43030.4140625000
1835	43140.5625000000
1834	43209.5703125000
1833	43253.7734375000
1832	43326.4609375000
1831	43448.6718750000
1830	43593.3164062500
1829	43730.6875000000
1828	43857.7265625000
1827	43971.3593750000
1826	44039.7695312500
1825	44030.4609375000
1824	43964.8554687500
1823	43919.3750000000
1822	43957.2187500000
1821	44067.0898437500
1820	44181.0390625000
1819	44248.7617187500
1818	44281.7734375000
1817	44324.8007812500
1816	44400.2851562500
1815	44492.4140625000
1814	44575.4140625000
1813	44639.4375000000
1812	44687.5351562500
1811	44723.2734375000
1810	44751.2460937500
1809	44783.1250000000
1808	44835.0195312500
1807	44920.5742187500
1806	45046.7851562500
1805	45205.3593750000
1804	45359.5664062500
1803	45450.3085937500
1802	45435.4101562500
1801	45331.0351562500
1800	45209.6953125000
1799	45154.8789062500
1798	45216.0351562500
1797	45392.6484375000
1796	45638.1093750000
1795	45873.9335937500
1794	46024.7460937500
1793	46067.2304687500
1792	46048.2695312500
1791	46042.0156250000
1790	46085.3593750000
1789	46162.9648437500
1788	46253.2812500000
1787	46370.3007812500
1786	46545.1835937500
1785	46773.4492187500
1784	46997.4023437500
1783	47147.0742187500
1782	47193.5117187500
1781	47162.1953125000
1780	47105.3320312500
1779	47068.4492187500
1778	47076.1406250000
1777	47135.2890625000
1776	47243.2773437500
1775	47391.2460937500
1774	47558.7421875000
1773	47709.7539062500
1772	47809.5351562500
1771	47860.6367187500
1770	47918.2109375000
1769	48048.2734375000
1768	48257.6171875000
1767	48473.0937500000
1766	48603
1765	48618.4687500000
1764	48570.2109375000
1763	48534.5937500000
1762	48557.4179687500
1761	48644.3828125000
1760	48779.9335937500
1759	48938.1796875000
1758	49085.4960937500
1757	49193.2851562500
1756	49256.4765625000
1755	49296.8085937500
1754	49348.4179687500
1753	49442.0468750000
1752	49594.4023437500
1751	49797.2109375000
1750	50012.9921875000
1749	50195.4296875000
1748	50326.8710937500
1747	50432.1054687500
1746	50543.7773437500
1745	50654.4023437500
1744	50716.1093750000
1743	50698.0078125000
1742	50639.7539062500
1741	50637.4921875000
1740	50770.8203125000
1739	51040.9960937500
1738	51373.8007812500
1737	51673.8710937500
1736	51879.8906250000
1735	51988.2421875000
1734	52045.2460937500
1733	52117.4257812500
1732	52249.2031250000
1731	52430.6445312500
1730	52605.7109375000
1729	52722.5234375000
1728	52781.6523437500
1727	52833.8632812500
1726	52930.1132812500
1725	53076.5351562500
1724	53237.7812500000
1723	53378.7187500000
1722	53499.2226562500
1721	53631.4726562500
1720	53808.0312500000
1719	54032.2226562500
1718	54276.0312500000
1717	54505.5898437500
1716	54710.0390625000
1715	54906.7265625000
1714	55120.0312500000
1713	55358.3359375000
1712	55611.8710937500
1711	55865.7968750000
1710	56106.7226562500
1709	56318.0312500000
1708	56480.9726562500
1707	56590.1171875000
1706	56666.0585937500
1705	56746.8554687500
1704	56865.9648437500
1703	57039.7851562500
1702	57270.3867187500
1701	57549.1992187500
1700	57855.3046875000
1699	58160.2851562500
1698	58444.9726562500
1697	58709.8710937500
1696	58962.6250000000
1695	59197.5742187500
1694	59398.6835937500
1693	59567.8437500000
1692	59742.0585937500
1691	59970.5937500000
1690	60270.8007812500
1689	60609.2773437500
1688	60928.5273437500
1687	61192.8359375000
1686	61412.3984375000
1685	61629.8906250000
1684	61884.1914062500
1683	62178.2734375000
1682	62473.9492187500
1681	62721.0156250000
1680	62902.7226562500
1679	63058.3710937500
1678	63255.8593750000
1677	63533.3476562500
1676	63865.0625000000
1675	64186.7265625000
1674	64456.8398437500
1673	64694.1093750000
1672	64956.5156250000
1671	65282.8007812500
1670	65648.8125000000
1669	65976.9531250000
1668	66196.0078125000
1667	66307.1484375000
1666	66398.1406250000
1665	66580.7265625000
1664	66896.8984375000
1663	67281.5703125000
1662	67623.7265625000
1661	67866.7109375000
1660	68044.6640625000
1659	68224.0078125000
1658	68425.7812500000
1657	68616.3281250000
1656	68761.7578125000
1655	68868.3125000000
1654	68963.8359375000
1653	69058.3281250000
1652	69139.7109375000
1651	69202.3359375000
1650	69261.5390625000
1649	69335.1171875000
1648	69421.1250000000
1647	69501.9687500000
1646	69564.8984375000
1645	69611.4609375000
1644	69650.0859375000
1643	69687.2968750000
1642	69725.8750000000
1641	69764.1093750000
1640	69794.4843750000
1639	69809.6953125000
1638	69815.1718750000
1637	69831.2421875000
1636	69874.8593750000
1635	69938.1093750000
1634	69990.1562500000
1633	70003.9531250000
1632	69978.0781250000
1631	69929.8046875000
1630	69870
1629	69792.1093750000
1628	69688.5703125000
1627	69574.0390625000
1626	69484.8671875000
1625	69449.7890625000
1624	69458.7109375000
1623	69461.8593750000
1622	69405.2968750000
1621	69274.4140625000
1620	69105.7968750000
1619	68953.8593750000
1618	68841.5859375000
1617	68744.1875000000
1616	68624.0937500000
1615	68481.0781250000
1614	68359.9609375000
1613	68302
1612	68290.7656250000
1611	68255.0703125000
1610	68131.1484375000
1609	67921.0625000000
1608	67689.3203125000
1607	67506.9531250000
1606	67401.8984375000
1605	67354.4687500000
1604	67323.4765625000
1603	67269.2343750000
1602	67165.1328125000
1601	67009.1406250000
1600	66832.3593750000
1599	66683.9453125000
1598	66591.3281250000
1597	66531.3984375000
1596	66448.3437500000
1595	66305.4609375000
1594	66118.9375000000
1593	65940.4296875000
1592	65811.5000000000
1591	65738.1328125000
1590	65702.2812500000
1589	65684
1588	65665.2109375000
1587	65620.9687500000
1586	65524.7539062500
1585	65373.5039062500
1584	65204.3476562500
1583	65075.6796875000
1582	65023.8906250000
1581	65037.5000000000
1580	65074.8984375000
1579	65105.2500000000
1578	65128.1601562500
1577	65154.2890625000
1576	65174.8945312500
1575	65159.3398437500
1574	65084.0898437500
1573	64958.7929687500
1572	64820.3710937500
1571	64704.4335937500
1570	64625.5078125000
1569	64579.1953125000
1568	64551.7304687500
1567	64523.4921875000
1566	64474.4375000000
1565	64401.9882812500
1564	64336.6835937500
1563	64327.8242187500
1562	64399.9179687500
1561	64522.1835937500
1560	64630.0390625000
1559	64683.0703125000
1558	64699.6484375000
1557	64729.9531250000
1556	64795.8593750000
1555	64862.7031250000
1554	64873.0351562500
1553	64805.2109375000
1552	64694.6445312500
1551	64598.0195312500
1550	64542.1250000000
1549	64512.4570312500
1548	64489.1757812500
1547	64484.0976562500
1546	64532.2500000000
1545	64645.3984375000
1544	64781.9570312500
1543	64872.8398437500
1542	64880.3164062500
1541	64828.0195312500
1540	64770.8085937500
1539	64739.4062500000
1538	64720.5156250000
1537	64689.6484375000
1536	64653.4140625000
1535	64650.2148437500
1534	64709.6250000000
1533	64818.8398437500
1532	64935.0039062500
1531	65028.6171875000
1530	65108.8359375000
1529	65203.4765625000
1528	65317.3984375000
1527	65416.2968750000
1526	65455.5742187500
1525	65427.1093750000
1524	65377.6914062500
1523	65379.3242187500
1522	65475.7226562500
1521	65650.3906250000
1520	65842.5390625000
1519	65996.4296875000
1518	66102.2968750000
1517	66194.4531250000
1516	66309.1015625000
1515	66441.2656250000
1514	66543.3671875000
1513	66570.3828125000
1512	66528.8750000000
1511	66478.7421875000
1510	66482.5156250000
1509	66552.9375000000
1508	66653.3906250000
1507	66746.3984375000
1506	66830.1796875000
1505	66919.9687500000
1504	67004.1484375000
1503	67041.8359375000
1502	67016.8828125000
1501	66982.8906250000
1500	67030.4921875000
1499	67197.8984375000
1498	67423.2265625000
1497	67601.0859375000
1496	67689.4843750000
1495	67753.5703125000
1494	67899.9296875000
1493	68172.7500000000
1492	68517.2265625000
1491	68837.1015625000
1490	69076.9609375000
1489	69251.6406250000
1488	69414.5078125000
1487	69613.7812500000
1486	69876.6093750000
1485	70216.8046875000
1484	70642.0546875000
1483	71152.9765625000
1482	71744.4843750000
1481	72413.8906250000
1480	73166.1328125000
1479	74007.3593750000
1478	74933.5625000000
1477	75928.6640625000
1476	76976.2656250000
1475	78072.9140625000
1474	79228.2890625000
1473	80451.3828125000
1472	81736.6171875000
1471	83064.7812500000
1470	84417.3515625000
1469	85787.0234375000
1468	87168.6406250000
1467	88537.0390625000
1466	89836.6875000000
1465	91000.3906250000
1464	91982.6953125000
1463	92773.3515625000
1462	93373.6953125000
1461	93759.9453125000
1460	93875.3750000000
1459	93664.9921875000
1458	93121.5703125000
1457	92299.5468750000
1456	91287.3281250000
1455	90169.0468750000
1454	89009.9218750000
1453	87865.8203125000
1452	86790.4375000000
1451	85823.1171875000
1450	84971.1406250000
1449	84212.5859375000
1448	83523.4609375000
1447	82902.5781250000
1446	82367.6953125000
1445	81927.4296875000
1444	81562.2421875000
1443	81239.3203125000
1442	80947.2031250000
1441	80710.9296875000
1440	80567.1250000000
1439	80523.0703125000
1438	80544.4375000000
1437	80587.1015625000
1436	80639.3906250000
1435	80728.7968750000
1434	80886.6953125000
1433	81110.8828125000
1432	81366.6953125000
1431	81622.8359375000
1430	81880.1484375000
1429	82163.9218750000
1428	82494.1484375000
1427	82869.2578125000
1426	83277.0625000000
1425	83712.3828125000
1424	84177.2109375000
1423	84667.0859375000
1422	85166.6093750000
1421	85664.4687500000
1420	86170.6640625000
1419	86712.3750000000
1418	87307.6093750000
1417	87941.1093750000
1416	88566.7578125000
1415	89136.7343750000
1414	89634.5859375000
1413	90086.6250000000
1412	90544.2968750000
1411	91051.0312500000
1410	91617.0234375000
1409	92217.2187500000
1408	92810.6718750000
1407	93365.0312500000
1406	93870.2968750000
1405	94337.4687500000
1404	94788.6406250000
1403	95246.4140625000
1402	95725.1015625000
1401	96224.3437500000
1400	96728.2812500000
1399	97214.0859375000
1398	97667.0546875000
1397	98091.4218750000
1396	98506.8906250000
1395	98932.9375000000
1394	99373.9218750000
1393	99817.8906250000
1392	100250.414062500
1391	100671.382812500
1390	101099.632812500
1389	101560.289062500
1388	102063.632812500
1387	102591.750000000
1386	103102.742187500
1385	103548.031250000
1384	103890.429687500
1383	104114.523437500
1382	104229.867187500
1381	104268.773437500
1380	104275.601562500
1379	104284.523437500
1378	104295.695312500
1377	104270.570312500
1376	104157.578125000
1375	103931.953125000
1374	103615.710937500
1373	103260.164062500
1372	102908.289062500
1371	102573.593750000
1370	102253.351562500
1369	101958.351562500
1368	101726.359375000
1367	101605.960937500
1366	101627.421875000
1365	101787.460937500
1364	102057.882812500
1363	102406.132812500
1362	102809.343750000
1361	103254.484375000
1360	103731.359375000
1359	104229.031250000
1358	104740.125000000
1357	105267.523437500
1356	105823.984375000
1355	106419.460937500
1354	107043.054687500
1353	107654.875000000
1352	108201.039062500
1351	108647.781250000
1350	109011.601562500
1349	109359.062500000
1348	109769.734375000
1347	110285.265625000
1346	110882.210937500
1345	111488.960937500
1344	112031.757812500
1343	112472.148437500
1342	112808.515625000
1341	113048.851562500
1340	113186.609375000
1339	113202.390625000
1338	113084.375000000
1337	112840.312500000
1336	112485.773437500
1335	112021.796875000
1334	111427.093750000
1333	110674.789062500
1332	109757.515625000
1331	108698.101562500
1330	107539.906250000
1329	106329.601562500
1328	105106.523437500
1327	103899.023437500
1326	102719.804687500
1325	101559.664062500
1324	100390.304687500
1323	99185.1093750000
1322	97949.6093750000
1321	96738.6640625000
1320	95642.0546875000
1319	94742.0625000000
1318	94069.9218750000
1317	93590.9375000000
1316	93228.3437500000
1315	92908.6484375000
1314	92595.4375000000
1313	92289.6015625000
1312	92002.8593750000
1311	91732.9687500000
1310	91464.3515625000
1309	91189.4765625000
1308	90923.4609375000
1307	90691.9375000000
1306	90501.8828125000
1305	90327.5781250000
1304	90130.4062500000
1303	89895.9921875000
1302	89652.0703125000
1301	89446.8437500000
1300	89306.7187500000
1299	89212.0781250000
1298	89113.5625000000
1297	88974.5390625000
1296	88803.3125000000
1295	88649.6093750000
1294	88569.7343750000
1293	88587.2968750000
1292	88677.3515625000
1291	88782.1875000000
1290	88845.9375000000
1289	88844.6093750000
1288	88794.6640625000
1287	88739.8750000000
1286	88729.7968750000
1285	88803.6406250000
1284	88984.1640625000
1283	89276.5468750000
1282	89667.8984375000
1281	90129.1250000000
1280	90623.8984375000
1279	91122.8828125000
1278	91615.0781250000
1277	92108.1328125000
1276	92618.0781250000
1275	93157.3515625000
1274	93729.3515625000
1273	94331.0703125000
1272	94958.4453125000
1271	95607.7421875000
1270	96270.4843750000
1269	96926
1268	97538.9062500000
1267	98066.5000000000
1266	98473.1953125000
1265	98743.3046875000
1264	98883.8125000000
1263	98917.1015625000
1262	98870.1406250000
1261	98766.3046875000
1260	98620.5390625000
1259	98436.6093750000
1258	98208.5078125000
1257	97929.2656250000
1256	97604.2890625000
1255	97258.2968750000
1254	96926.8750000000
1253	96637.0546875000
1252	96392.9765625000
1251	96178.2968750000
1250	95970.4218750000
1249	95751.4921875000
1248	95507.9375000000
1247	95226.2812500000
1246	94897.1015625000
1245	94527.5703125000
1244	94148.0625000000
1243	93800.4609375000
1242	93512.9921875000
1241	93281.2031250000
1240	93071.2421875000
1239	92841.1015625000
1238	92561.5156250000
1237	92221.6250000000
1236	91822.7187500000
1235	91374.2812500000
1234	90899.1796875000
1233	90438.1875000000
1232	90039.6718750000
1231	89735.4375000000
1230	89522.8593750000
1229	89372.5156250000
1228	89256.0937500000
1227	89167.9218750000
1226	89118.4687500000
1225	89108.7187500000
1224	89116
1223	89109.9453125000
1222	89083.6015625000
1221	89065.6484375000
1220	89098.4609375000
1219	89201.3359375000
1218	89355.4296875000
1217	89527.7421875000
1216	89720.4140625000
1215	90013.3593750000
1214	90571.6093750000
1213	91602.2578125000
1212	93260.1562500000
1211	95527.5625000000
1210	98126.0078125000
1209	100530.195312500
1208	102120.046875000
1207	102420.593750000
1206	101309.562500000
1205	99076.1484375000
1204	96293.4609375000
1203	93582.6484375000
1202	91395.0546875000
1201	89909.4921875000
1200	89062.3906250000
1199	88656.0312500000
1198	88476.2187500000
1197	88370.8750000000
1196	88275.5468750000
1195	88195.6484375000
1194	88165.3281250000
1193	88207.1562500000
1192	88312.6406250000
1191	88449.9375000000
1190	88587.9296875000
1189	88715.6718750000
1188	88843.3671875000
1187	88987.3828125000
1186	89154.4765625000
1185	89338.0781250000
1184	89527.3203125000
1183	89718.6640625000
1182	89919.8984375000
1181	90144.6093750000
1180	90402.9296875000
1179	90696.4921875000
1178	91021.1406250000
1177	91375.0390625000
1176	91766.0078125000
1175	92212.3515625000
1174	92735.5625000000
1173	93348.7343750000
1172	94047.9375000000
1171	94812.5390625000
1170	95616.0156250000
1169	96443.0468750000
1168	97304.4375000000
1167	98240
1166	99302.7265625000
1165	100528.773437500
1164	101910.296875000
1163	103392.617187500
1162	104902.679687500
1161	106390.226562500
1160	107849.164062500
1159	109301.117187500
1158	110758.085937500
1157	112200.468750000
1156	113591.703125000
1155	114910.843750000
1154	116165.695312500
1153	117369.554687500
1152	118507.742187500
1151	119534.476562500
1150	120411.218750000
1149	121150.609375000
1148	121819.632812500
1147	122492.164062500
1146	123191.718750000
1145	123876.523437500
1144	124480.101562500
1143	124971.742187500
1142	125385.210937500
1141	125797.289062500
1140	126279.554687500
1139	126865.578125000
1138	127554.078125000
1137	128336.750000000
1136	129221.140625000
1135	130228.476562500
1134	131368.046875000
1133	132608.671875000
1132	133869.671875000
1131	135041.359375000
1130	136025.359375000
1129	136770.296875000
1128	137281.359375000
1127	137598.703125000
1126	137762.828125000
1125	137792.359375000
1124	137688.296875000
1123	137455.203125000
1122	137117.546875000
1121	136715.984375000
1120	136288.343750000
1119	135853.828125000
1118	135414.812500000
1117	134973.453125000
1116	134547.093750000
1115	134168.718750000
1114	133871.796875000
1113	133672.390625000
1112	133561.046875000
1111	133507.500000000
1110	133470.578125000
1109	133405.125000000
1108	133265.250000000
1107	133009.546875000
1106	132612.265625000
1105	132074.890625000
1104	131427.640625000
1103	130716.289062500
1102	129983.234375000
1101	129259.593750000
1100	128576.695312500
1099	127986.585937500
1098	127569.273437500
1097	127413.171875000
1096	127578.289062500
1095	128069.742187500
1094	128842.140625000
1093	129831.617187500
1092	130988.343750000
1091	132284.515625000
1090	133694.250000000
1089	135166.437500000
1088	136614.078125000
1087	137928.109375000
1086	139002.234375000
1085	139750.593750000
1084	140111
1083	140041.234375000
1082	139519.703125000
1081	138552.750000000
1080	137182.062500000
1079	135484.500000000
1078	133563.375000000
1077	131537.187500000
1076	129530.695312500
1075	127666.960937500
1074	126055.476562500
1073	124774.617187500
1072	123855.210937500
1071	123275.804687500
1070	122976.359375000
1069	122886.359375000
1068	122952.500000000
1067	123150.523437500
1066	123474.507812500
1065	123912.773437500
1064	124429.195312500
1063	124966.742187500
1062	125473.523437500
1061	125935.640625000
1060	126393.531250000
1059	126931.359375000
1058	127646.593750000
1057	128620.054687500
1056	129901.015625000
1055	131505.609375000
1054	133414.859375000
1053	135562.046875000
1052	137815.484375000
1051	139975.625000000
1050	141800.734375000
1049	143059.359375000
1048	143587.234375000
1047	143325.031250000
1046	142322.515625000
1045	140716.296875000
1044	138696.203125000
1043	136472.375000000
1042	134245.718750000
1041	132178.656250000
1040	130369.585937500
1039	128842.171875000
1038	127560.742187500
1037	126468.289062500
1036	125524.757812500
1035	124720.640625000
1034	124058.218750000
1033	123520.898437500
1032	123061.515625000
1031	122623.367187500
1030	122176.578125000
1029	121735.828125000
1028	121341.898437500
1027	121022.148437500
1026	120764.695312500
1025	120526.898437500
1024	120267.320312500
1023	119970.304687500
1022	119643.578125000
1021	119296.531250000
1020	118924.039062500
1019	118510.898437500
1018	118050.304687500
1017	117556.898437500
1016	117062.976562500
1015	116602.187500000
1014	116194.367187500
1013	115839.968750000
1012	115524.554687500
1011	115228.898437500
1010	114941.078125000
1009	114665.648437500
1008	114423.703125000
1007	114239.734375000
1006	114120.687500000
1005	114041.039062500
1004	113946.742187500
1003	113776.992187500
1002	113490.406250000
1001	113079.882812500
1000	112572.054687500
999	112016.898437500
998	111475.132812500
997	111004.335937500
996	110642.296875000
995	110391.960937500
994	110218.812500000
993	110068.632812500
992	109898.695312500
991	109703.539062500
990	109517.335937500
989	109392.140625000
988	109367.148437500
987	109448.992187500
986	109611.585937500
985	109810.117187500
984	109996.796875000
983	110130.507812500
982	110180.593750000
981	110129.578125000
980	109977.492187500
979	109745.640625000
978	109474.437500000
977	109212.023437500
976	108996.843750000
975	108843.218750000
974	108739.679687500
973	108662.328125000
972	108595.335937500
971	108544.562500000
970	108535.320312500
969	108596.515625000
968	108742.921875000
967	108966.617187500
966	109240.554687500
965	109530.257812500
964	109808.328125000
963	110068.968750000
962	110338.554687500
961	110675.632812500
960	111154.265625000
959	111834.359375000
958	112735.796875000
957	113835.156250000
956	115090.234375000
955	116475.914062500
954	118005.078125000
953	119719.929687500
952	121661.664062500
951	123842.679687500
950	126239.484375000
949	128807.046875000
948	131497.468750000
947	134266.859375000
946	137065.734375000
945	139822.515625000
944	142435.062500000
943	144779.703125000
942	146737.843750000
941	148229.078125000
940	149235.812500000
939	149805.609375000
938	150029.062500000
937	150004.765625000
936	149810.546875000
935	149495.250000000
934	149089.671875000
933	148621.609375000
932	148119.734375000
931	147604
930	147074.937500000
929	146516
928	145910.375000000
927	145259.046875000
926	144583.062500000
925	143906.906250000
924	143236.671875000
923	142553.296875000
922	141828.281250000
921	141050.046875000
920	140239.109375000
919	139439.515625000
918	138694.781250000
917	138028.515625000
916	137443.828125000
915	136936.359375000
914	136503.453125000
913	136138.296875000
912	135816.171875000
911	135492.046875000
910	135118.765625000
909	134675.203125000
908	134179.843750000
907	133676.406250000
906	133202.031250000
905	132763.656250000
904	132340.796875000
903	131907.562500000
902	131452.062500000
901	130976.460937500
900	130482.640625000
899	129962.296875000
898	129403.617187500
897	128808.828125000
896	128204.546875000
895	127634.632812500
894	127140.929687500
893	126747.976562500
892	126461.835937500
891	126279.585937500
890	126198.695312500
889	126219.289062500
888	126341.796875000
887	126566.828125000
886	126900.109375000
885	127358.500000000
884	127970.468750000
883	128768.179687500
882	129774.382812500
881	130991.828125000
880	132402.984375000
879	133982.593750000
878	135717.093750000
877	137617.031250000
876	139708.937500000
875	142004.593750000
874	144465.453125000
873	146988.750000000
872	149432.093750000
871	151665.609375000
870	153617.125000000
869	155280.734375000
868	156685.093750000
867	157852.078125000
866	158779.484375000
865	159458.406250000
864	159902.328125000
863	160154.625000000
862	160264.718750000
861	160254.640625000
860	160110.015625000
859	159808.578125000
858	159363.328125000
857	158843.531250000
856	158351.140625000
855	157969.328125000
854	157719.500000000
853	157557.031250000
852	157404.703125000
851	157196.812500000
850	156904.140625000
849	156527.640625000
848	156073.578125000
847	155531.375000000
846	154870.578125000
845	154058.046875000
844	153082.968750000
843	151974.031250000
842	150796.250000000
841	149627.265625000
840	148523.531250000
839	147495.734375000
838	146508.375000000
837	145506.953125000
836	144457.546875000
835	143374.765625000
834	142320.656250000
833	141373.671875000
832	140588.250000000
831	139969.625000000
830	139478.625000000
829	139060.468750000
828	138676.343750000
827	138318.109375000
826	137999.265625000
825	137734.375000000
824	137524.281250000
823	137358.359375000
822	137229.625000000
821	137147.656250000
820	137136.906250000
819	137219.218750000
818	137392.765625000
817	137623.203125000
816	137854.593750000
815	138034.515625000
814	138138.062500000
813	138177.062500000
812	138190.531250000
811	138224.468750000
810	138313.875000000
809	138476.218750000
808	138716.031250000
807	139032.671875000
806	139422.796875000
805	139875.703125000
804	140367.484375000
803	140862.921875000
802	141328.859375000
801	141752.734375000
800	142154.546875000
799	142581.187500000
798	143083.859375000
797	143689.234375000
796	144380.718750000
795	145100.828125000
794	145774.234375000
793	146339.750000000
792	146774.546875000
791	147099.578125000
790	147363.796875000
789	147617.703125000
788	147891.156250000
787	148187.156250000
786	148494.078125000
785	148805.656250000
784	149134.312500000
783	149507.515625000
782	149949.734375000
781	150463.546875000
780	151024.281250000
779	151593.328125000
778	152140.890625000
777	152662.781250000
776	153180.640625000
775	153727.625000000
774	154331.625000000
773	155006.875000000
772	155756.593750000
771	156579.687500000
770	157474.750000000
769	158440.968750000
768	159481.218750000
767	160610.859375000
766	161866.656250000
765	163305.875000000
764	164989.953125000
763	166962.031250000
762	169235.453125000
761	171805
760	174672.703125000
759	177864.171875000
758	181413.234375000
757	185315.968750000
756	189479.062500000
755	193698.593750000
754	197682.953125000
753	201109.718750000
752	203684.406250000
751	205178.015625000
750	205443.656250000
749	204428.125000000
748	202191.906250000
747	198929.203125000
746	194963
745	190695.062500000
744	186517.296875000
743	182718.578125000
742	179432.640625000
741	176648.484375000
740	174274.781250000
739	172217.140625000
738	170427.406250000
737	168906.484375000
736	167671.562500000
735	166719.750000000
734	166015.187500000
733	165504.953125000
732	165147.859375000
731	164931.812500000
730	164866.890625000
729	164961.078125000
728	165197.828125000
727	165532.343750000
726	165907.671875000
725	166278.390625000
724	166626.296875000
723	166960.156250000
722	167303.656250000
721	167679.765625000
720	168098.312500000
719	168548.984375000
718	169000.687500000
717	169409.296875000
716	169733.875000000
715	169956.390625000
714	170093.468750000
713	170189.703125000
712	170293.765625000
711	170430.484375000
710	170588.015625000
709	170728.984375000
708	170817.625000000
707	170843.203125000
706	170823.125000000
705	170785.812500000
704	170748.625000000
703	170708.921875000
702	170654.500000000
701	170582.968750000
700	170512.296875000
699	170473.015625000
698	170488.203125000
697	170558.078125000
696	170663.187500000
695	170784.203125000
694	170922.828125000
693	171106.046875000
692	171368.671875000
691	171726.328125000
690	172159.562500000
689	172621.234375000
688	173062.437500000
687	173457.687500000
686	173811.515625000
685	174143.656250000
684	174466.312500000
683	174772.468750000
682	175043.968750000
681	175271.531250000
680	175469.609375000
679	175674.359375000
678	175926.484375000
677	176252.421875000
676	176656.421875000
675	177125.515625000
674	177639.796875000
673	178178.046875000
672	178716.359375000
671	179225.609375000
670	179674.843750000
669	180042.031250000
668	180325.671875000
667	180549.343750000
666	180755.140625000
665	180989.703125000
664	181289.312500000
663	181669.937500000
662	182123.968750000
661	182623.125000000
660	183127.203125000
659	183596.781250000
658	184006.625000000
657	184353.859375000
656	184655.687500000
655	184937.656250000
654	185219.265625000
653	185506.531250000
652	185796.453125000
651	186089.062500000
650	186397.421875000
649	186746.453125000
648	187159.796875000
647	187642.359375000
646	188169.765625000
645	188692.156250000
644	189151.687500000
643	189506.437500000
642	189749.859375000
641	189918.046875000
640	190080.203125000
639	190315.828125000
638	190686
637	191210.578125000
636	191861.765625000
635	192577.187500000
634	193287.562500000
633	193945.437500000
632	194541.093750000
631	195099.625000000
630	195662.453125000
629	196265.250000000
628	196922.906250000
627	197626.265625000
626	198348.062500000
625	199052.578125000
624	199705.578125000
623	200283.734375000
622	200782.421875000
621	201218.812500000
620	201625.828125000
619	202037.156250000
618	202470.343750000
617	202918.750000000
616	203359.093750000
615	203770.015625000
614	204148.703125000
613	204513.375000000
612	204890.093750000
611	205294.562500000
610	205723.421875000
609	206160.750000000
608	206593.437500000
607	207022.281250000
606	207460.687500000
605	207924.125000000
604	208420.625000000
603	208949.437500000
602	209506.468750000
601	210088.578125000
600	210691.796875000
599	211306.656250000
598	211918.515625000
597	212516.781250000
596	213107.140625000
595	213715.125000000
594	214375.156250000
593	215110.578125000
592	215919.765625000
591	216781.328125000
590	217677.703125000
589	218623.578125000
588	219683.171875000
587	220967.765625000
586	222618.125000000
585	224780.171875000
584	227576.828125000
583	231071.093750000
582	235215.312500000
581	239797.218750000
580	244412.578125000
579	248498.750000000
578	251448.718750000
577	252780.296875000
576	252296.875000000
575	250170.046875000
574	246890.218750000
573	243108.671875000
572	239433.375000000
571	236269.781250000
570	233770.281250000
569	231888.468750000
568	230490.671875000
567	229452.812500000
566	228699
565	228184.437500000
564	227859.796875000
563	227656.828125000
562	227507.953125000
561	227381.750000000
560	227302.375000000
559	227333.640625000
558	227537.218750000
557	227932.296875000
556	228482.140625000
555	229114.812500000
554	229760.937500000
553	230383.609375000
552	230984.890625000
551	231589.640625000
550	232221.687500000
549	232887.703125000
548	233574.671875000
547	234256.968750000
546	234905.296875000
545	235493.109375000
544	236001.531250000
543	236425.531250000
542	236780.015625000
541	237101.515625000
540	237440.390625000
539	237844.750000000
538	238343.312500000
537	238936.796875000
536	239603.609375000
535	240316.546875000
534	241061.421875000
533	241846.921875000
532	242701.109375000
531	243656.578125000
530	244732.671875000
529	245924.234375000
528	247202.375000000
527	248527.468750000
526	249866.921875000
525	251208.031250000
524	252557.437500000
523	253926.515625000
522	255310.687500000
521	256675.484375000
520	257959.796875000
519	259095.859375000
518	260034.906250000
517	260764.343750000
516	261306.312500000
515	261701.687500000
514	261991.125000000
513	262205.781250000
512	262372.156250000
511	262525.093750000
510	262717.562500000
509	263018.625000000
508	263498.406250000
507	264206.843750000
506	265154.968750000
505	266308.968750000
504	267600.437500000
503	268951.937500000
502	270308.781250000
501	271663.750000000
500	273061.406250000
499	274578.781250000
498	276290.062500000
497	278234.031250000
496	280402.125000000
495	282751.593750000
494	285234.062500000
493	287821.187500000
492	290513.437500000
491	293331.437500000
490	296300.281250000
489	299438.250000000
488	302752.812500000
487	306237.875000000
486	309864.281250000
485	313562.843750000
484	317207.218750000
483	320607.718750000
482	323523.968750000
481	325695.125000000
480	326882.187500000
479	326914.906250000
478	325732.500000000
477	323409.156250000
476	320150.625000000
475	316255.875000000
474	312051.812500000
473	307822.250000000
472	303759.781250000
471	299959.937500000
470	296452.187500000
469	293246.625000000
468	290367.875000000
467	287862.187500000
466	285782.125000000
465	284164.656250000
464	283016.562500000
463	282308.937500000
462	281978.781250000
461	281935.093750000
460	282076.625000000
459	282325.093750000
458	282667.625000000
457	283184.281250000
456	284035.531250000
455	285396.906250000
454	287362.062500000
453	289860.843750000
452	292637
451	295306.625000000
450	297476.937500000
449	298874.343750000
448	299425.312500000
447	299263.343750000
446	298662.031250000
445	297931.187500000
444	297318.687500000
443	296953.750000000
442	296843.593750000
441	296918.687500000
440	297099.781250000
439	297356.875000000
438	297735
437	298334.468750000
436	299255.656250000
435	300533.125000000
434	302091.906250000
433	303744.156250000
432	305232.281250000
431	306303.281250000
430	306798.031250000
429	306742.281250000
428	306435.062500000
427	306508.937500000
426	307929.250000000
425	311865.812500000
424	319403.375000000
423	331116.937500000
422	346646.093750000
421	364443.812500000
420	381909.500000000
419	395932.500000000
418	403734.812500000
417	403712.906250000
416	395955.312500000
415	382195.718750000
414	365250.093750000
413	348137.281250000
412	333252.656250000
411	321883.031250000
410	314180
409	309488.968750000
408	306833.625000000
407	305318.406250000
406	304333.406250000
405	303564.968750000
404	302897.250000000
403	302301.781250000
402	301773.093750000
401	301310.062500000
400	300916.843750000
399	300599.406250000
398	300354.437500000
397	300162
396	299993.093750000
395	299828.250000000
394	299673.968750000
393	299563.687500000
392	299541.500000000
391	299640.750000000
390	299872.062500000
389	300229.656250000
388	300709.375000000
387	301325.281250000
386	302110.500000000
385	303100.562500000
384	304307.312500000
383	305698.281250000
382	307193.187500000
381	308679.375000000
380	310039.656250000
379	311181.375000000
378	312058.187500000
377	312677.593750000
376	313095.187500000
375	313396.187500000
374	313669.875000000
373	313983.625000000
372	314366.156250000
371	314806.500000000
370	315270.593750000
369	315728.062500000
368	316175.406250000
367	316642.562500000
366	317178.562500000
365	317822.875000000
364	318580.093750000
363	319412.343750000
362	320256.625000000
361	321056.250000000
360	321787.812500000
359	322466.687500000
358	323127.062500000
357	323788.812500000
356	324433.250000000
355	325004.781250000
354	325438.781250000
353	325699.250000000
352	325802.125000000
351	325810.437500000
350	325803.375000000
349	325839.500000000
348	325936.093750000
347	326075.343750000
346	326230.281250000
345	326391.656250000
344	326578.343750000
343	326827.250000000
342	327171.093750000
341	327620.156250000
340	328157.031250000
339	328744.781250000
338	329340.250000000
337	329905.281250000
336	330413.625000000
335	330855.250000000
334	331240.406250000
333	331600.781250000
332	331982.531250000
331	332430.156250000
330	332966.343750000
329	333579.406250000
328	334227.031250000
327	334856.500000000
326	335430.093750000
325	335940.750000000
324	336409.718750000
323	336870.093750000
322	337348.531250000
321	337857.343750000
320	338399.187500000
319	338976.250000000
318	339593.062500000
317	340248.343750000
316	340922.218750000
315	341571.437500000
314	342140.625000000
313	342586.812500000
312	342903.250000000
311	343128.812500000
310	343335.718750000
309	343601.312500000
308	343978.687500000
307	344479.187500000
306	345073.062500000
305	345705.812500000
304	346322.062500000
303	346886.968750000
302	347398.468750000
301	347885.531250000
300	348393.437500000
299	348960.375000000
298	349596.281250000
297	350274.937500000
296	350945.406250000
295	351558.156250000
294	352092.656250000
293	352570
292	353042.906250000
291	353568.343750000
290	354179.187500000
289	354871.718750000
288	355614.687500000
287	356372.093750000
286	357124.718750000
285	357877.187500000
284	358648.375000000
283	359454.125000000
282	360293.218750000
281	361145.468750000
280	361980.406250000
279	362771.031250000
278	363505.093750000
277	364190.656250000
276	364854.968750000
275	365537.906250000
274	366281.468750000
273	367117.718750000
272	368059.125000000
271	369095.625000000
270	370201.156250000
269	371346.375000000
268	372510.843750000
267	373687.343750000
266	374876.250000000
265	376074.843750000
264	377271.031250000
263	378446.843750000
262	379591.125000000
261	380712.031250000
260	381839.687500000
259	383015.312500000
258	384272.062500000
257	385619.187500000
256	387038.750000000
255	388496.906250000
254	389962.406250000
253	391420.531250000
252	392874.593750000
251	394335.218750000
250	395805.718750000
249	397274.312500000
248	398719.875000000
247	400128.500000000
246	401510.125000000
245	402903.937500000
244	404364.843750000
243	405936.750000000
242	407626.187500000
241	409393.718750000
240	411170.531250000
239	412894.750000000
238	414547.281250000
237	416167.218750000
236	417834.375000000
235	419627.656250000
234	421581.312500000
233	423663.843750000
232	425791.500000000
231	427869.500000000
230	429838
229	431700.031250000
228	433517.718750000
227	435382.843750000
226	437378.531250000
225	439551.843750000
224	441906.468750000
223	444413.312500000
222	447027.906250000
221	449702.625000000
220	452388.875000000
219	455033.937500000
218	457581.906250000
217	459988.218750000
216	462248.062500000
215	464430.531250000
214	466700.562500000
213	469313.093750000
212	472569.875000000
211	476741.468750000
210	481971.062500000
209	488185.906250000
208	495049.718750000
207	501978.718750000
206	508241.156250000
205	513124.343750000
204	516131.750000000
203	517140.437500000
202	516458.343750000
201	514748.062500000
200	512832.031250000